WFMPRE WFID:"CH1 DC   5mV 500ms NORMAL",NR.PT:1024,PT.OFF:128,PT.FMT:Y,XUNIT:SEC,XINCR:1.000E-2,YMULT:2.000E-4,YOFF:-2.625E+1,YUNIT:V,BN.FMT:RI,ENCDG:ASCII;CURVE -4,-2,-3,-2,-2,-1,-17,0,0,2,-1,-2,-2,-17,-3,-1,-2,0,-2,-1,-16,-1,-2,0,-2,-2,-3
,-13,-2,-1,-4,0,-3,-2,-14,0,-1,-2,-1,-1,-2,-13,-3,-3,-3,-1,-4,0,-17,0,-7,-2,-1,-
1,-3,-14,-3,-5,-1,-2,-3,0,-11,-2,-7,-1,-2,-1,-2,-11,-1,-5,-1,-2,-1,-1,-12,-1,-8,
0,0,-2,0,-17,0,-6,-1,0,-1,2,-18,-1,-9,0,-2,-1,-2,-16,1,-9,-3,-3,-2,-1,-11,0,-11,
1,0,-1,-2,-14,-2,-10,-2,-1,0,1,-14,0,-9,-1,-3,-1,0,-10,-1,-15,0,-3,-3,-2,-17,0,-
17,-2,-2,-2,-1,-10,-2,-10,-1,-2,-3,-3,-16,0,-11,-1,0,-3,-2,-11,-3,-10,0,0,-1,1,-
13,-1,-14,1,0,0,1,-10,-3,-16,-3,0,1,0,-1,0,-13,0,-2,-3,0,-8,1,-16,-2,-1,-2,-2,-9
,-1,-14,0,0,-2,-2,-7,-3,-14,0,-2,1,0,-5,-1,-15,-3,-2,-1,0,-7,1,-17,-1,0,-1,1,-1,
0,-12,-1,2,0,1,0,1,-15,0,2,0,-1,-2,-4,-16,-2,-1,0,0,-2,0,-16,-2,-1,-2,-1,-4,-3,-
18,-1,0,2,0,-3,-1,-15,-1,-1,-2,-1,-4,-3,-11,0,0,-2,1,-3,-2,-16,-3,1,0,0,-3,1,-17
,0,-1,0,-2,-1,0,-15,-3,-2,0,-2,-2,-1,-13,-3,-1,1,-2,1,1,-19,-2,-3,-3,2,-1,0,-12,
-3,-3,-1,-1,-2,0,-17,1,-2,-1,-2,-2,-2,-16,1,-4,1,-4,-1,-1,-11,0,-6,-3,-6,-2,1,-1
7,-1,-5,-2,-2,-3,1,-13,-1,-5,-2,0,0,-1,-18,0,-6,0,-4,-3,-4,-15,-3,-10,-3,-1,-2,-
1,-13,0,-7,-2,-4,-4,-2,-18,-3,-9,-1,1,-1,-1,-9,0,-11,-2,-2,1,-4,-12,-1,-7,-3,1,0
,0,-16,-2,-10,1,-3,-2,-4,-13,-1,-10,-2,-4,-3,-2,-11,1,-10,-6,-2,0,-1,-11,-1,-9,-
2,-2,-1,-2,-11,0,-16,0,-1,-2,-1,-10,-3,-15,-4,1,2,-1,-14,-2,-16,-2,0,-4,-1,-14,-
1,-7,-3,-1,-2,-2,-9,-1,-13,0,0,-1,-1,-7,-2,-10,-1,0,-2,-2,-8,1,-14,-1,-3,-3,0,-7
,0,-11,-1,-4,-3,-2,-8,0,-12,-2,-4,-1,1,-7,0,-16,-2,-2,-2,-4,-5,-3,-15,-2,0,-1,-2
,-4,-1,-15,0,-1,-3,-2,-2,1,-15,0,-4,-2,-1,-2,-1,-12,0,-2,-1,0,0,-3,-16,0,-4,-2,-
1,-4,-2,-14,0,-2,-2,-2,-2,-2,-18,0,0,1,0,-1,-1,-15,-2,-2,-3,-4,-3,-3,-13,-3,1,-2
,-3,-2,-3,-15,-2,0,-3,-4,-2,-3,-12,1,-5,0,-4,-3,0,-11,1,-2,-2,-1,-1,-3,-13,1,-3,
-2,-3,-2,-3,-17,-4,-5,-4,-3,-2,-2,-10,-1,-6,-1,0,-1,-1,-12,0,-8,-2,0,-2,1,-17,-2
,-8,0,0,-2,0,-16,-2,-7,-3,-1,-2,0,-19,-1,-10,-3,0,0,-1,-15,-1,-11,-2,-1,-2,-1,-1
3,0,-8,-4,-1,0,1,-12,0,-10,-2,0,0,1,-18,-2,-12,-2,-2,-1,-1,-11,0,-15,-3,0,-2,0,-
13,0,-16,0,0,-3,-1,-14,0,-12,-1,0,0,-3,-14,-2,-14,0,-2,-2,-2,-13,-1,-13,-3,1,-4,
1,-14,-2,-14,-1,-3,1,-2,-10,-3,-13,-1,-1,-2,-1,-6,0,-13,-2,1,-4,-1,-8,-1,-13,0,-
1,-1,-2,-5,-2,-17,-2,0,-1,-1,-6,-2,-15,-2,-2,-2,-1,-2,-1,-17,1,-1,0,0,-2,1,-16,-
3,-2,-1,-1,-3,-1,-18,0,-2,-1,1,-1,-4,-14,-2,1,-3,1,-4,0,-17,1,-1,0,0,-3,-2,-13,0
,-1,-2,-3,-3,-2,-18,-2,0,-1,-3,-2,-1,-17,0,1,-2,-2,-5,1,-18,-2,-2,0,-1,-3,-2,-15
,1,-1,-2,-2,-4,-5,-15,-1,-3,-2,-2,1,0,-13,-1,-5,0,1,-2,-1,-18,0,-3,0,-2,-4,-1,-1
3,-3,-6,0,-1,-1,1,-11,-1,-6,1,-3,-1,-3,-12,-1,-11,-1,-2,-4,-1,-13,0,-8,-2,-2,-1,
-1,-14,1,-11,-2,-2,1,-1,-13,-1,-7,-5,-1,-1,0,-10,-3,-8,-3,-2,-3,0,-11,0,-14,1,-2
,-4,0,-17,-4,-12,-1,-1,-2,0,-13,0,-13,-3,0,-3,0,-17,-4,-9,-2,-3,1,-1,-10,-4,-16,
-2,1,1,0,-13,-1,-10,-2,-3,-1,-3,-11,0,-17,-1,-1,0,-2,-10,-2,-15,-5,0,-2,0,-6,-4,
-17,-1,-2,-1,-3,-7,-1,-19,0,1,-3,-1,-3,-2,-11,0,-2,-1,1,-5,-2,-17,1,-4,-3,2,-6,0
,-18,-4,-4,-3,-2,-7,-1,-15,-1,0,0,-1,-7,-2,-16,-3,0,1,0,-1,-1,-14,-1,0,0,1,-1,1,
-17,1,-4,-2,1,-4,-3,-15,-3,-2,0,-2,-3,-2,-16,-1,-3,-3,-2,-2,0,-13,-3,-1,-1,1,1,0
,-16,-2,-3,-1,0,-1,-2,-14,-2,0,-3,0,-1,0,-15,-1

