WFMPRE WFID:"REF1 DC   5V   5us NORMAL",NR.PT:1024,PT.OFF:128,PT.FMT:Y,XUNIT:SEC,XINCR:1.000E-7,YMULT:2.000E-1,YOFF:-8.375E+1,YUNIT:V,BN.FMT:RI,ENCDG:ASCII;CURVE -76,-77,-77,-77,-78,-77,-78,-77,-77,-77,-77,-78,-77,-77,-77,-77,-77,-77,-77,-7
8,-77,-77,-78,-77,-78,-77,-78,-77,-77,-76,-77,-78,-77,-77,-77,-78,-78,-77,-78,-7
6,-77,-77,-78,-78,-77,-76,-77,-77,-77,-77,-77,-78,-76,-77,-77,-77,-78,-77,-77,-7
8,-77,-76,-77,-77,-77,-76,-77,-76,-78,-77,-78,-77,-77,-78,-77,-77,-77,-76,-77,-7
7,-77,-77,-77,-77,-76,-77,-76,-75,-74,-74,-73,-73,-71,-71,-71,-71,-69,-68,-69,-6
8,-68,-67,-67,-66,-66,-64,-65,-65,-64,-63,-62,-61,-61,-60,-61,-60,-59,-59,-59,-5
8,-57,-57,-56,-56,-56,-54,-54,-54,-52,-52,-51,-52,-51,-50,-51,-50,-49,-47,-47,-4
6,-47,-46,-45,-45,-44,-44,-43,-44,-42,-43,-43,-42,-42,-40,-42,-40,-40,-39,-39,-3
9,-38,-37,-39,-38,-38,-37,-38,-36,-36,-35,-36,-36,-36,-36,-35,-33,-33,-33,-32,-3
3,-32,-33,-33,-30,-32,-30,-31,-30,-30,-29,-29,-30,-29,-27,-29,-28,-29,-26,-28,-2
7,-28,-26,-27,-27,-25,-25,-26,-26,-25,-25,-25,-26,-25,-25,-26,-23,-23,-23,-23,-2
3,-23,-22,-22,-22,-22,-21,-21,-22,-22,-21,-21,-21,-21,-19,-21,-21,-21,-19,-19,-2
1,-19,-19,-18,-19,-18,-19,-20,-18,-18,-17,-18,-18,-18,-17,-17,-17,-16,-16,-17,-1
7,-17,-16,-16,-16,-16,-16,-16,-16,-16,-16,-15,-15,-15,-15,-15,-15,-15,-15,-16,-1
4,-15,-14,-14,-15,-14,-13,-13,-14,-13,-13,-13,-14,-13,-13,-15,-13,-13,-12,-13,-1
3,-12,-13,-12,-12,-12,-12,-11,-13,-11,-12,-12,-11,-12,-11,-11,-12,-11,-11,-11,-1
2,-10,-11,-11,-10,-11,-10,-12,-11,-10,-10,-10,-11,-10,-9,-11,-10,-10,-10,-10,-11
,-9,-11,-11,-9,-9,-9,-9,-9,-9,-9,-10,-9,-8,-8,-8,-9,-9,-8,-9,-8,-8,-9,-9,-9,-9,-
8,-8,-9,-8,-8,-9,-9,-7,-8,-9,-7,-7,-7,-9,-8,-8,-8,-7,-8,-7,-7,-9,-7,-8,-8,-8,-7,
-8,-7,-8,-8,-8,-8,-8,-8,-7,-8,-7,-8,-7,-8,-8,-6,-7,-7,-7,-6,-8,-5,-7,-6,-6,-6,-6
,-7,-7,-6,-8,-7,-7,-5,-7,-8,-7,-6,-7,-7,-7,-7,-6,-7,-6,-7,-7,-4,-6,-6,-6,-6,-7,-
5,-6,-6,-6,-5,-7,-6,-6,-6,-6,-5,-6,-5,-6,-5,-6,-6,-6,-5,-6,-6,-5,-6,-5,-6,-8,-5,
-5,-5,-6,-6,-6,-5,-6,-6,-5,-5,-5,-5,-6,-5,-6,-6,-6,-5,-5,-6,-5,-6,-6,-5,-5,-5,-5
,-6,-5,-6,-6,-5,-5,-4,-5,-6,-5,-5,-5,-6,-5,-5,-6,-5,-5,-5,-5,-5,-5,-4,-5,-5,-6,-
5,-5,-4,-5,-5,-5,-4,-4,-6,-6,-5,-5,-5,-5,-6,-5,-4,-5,-5,-4,-4,-6,-6,-5,-5,-6,-5,
-5,-3,-6,-5,-5,-5,-6,-5,-5,-5,-5,-5,-5,-5,-6,-4,-5,-4,-5,-4,-5,-5,-5,-5,-5,-4,-5
,-5,-5,-4,-6,-5,-5,-4,-5,-5,-5,-5,-5,-5,-5,-5,-5,-6,-5,-5,-5,-3,-5,-5,-3,-5,-6,-
4,-5,-5,-5,-4,-5,-4,-5,-5,-6,-5,-5,-5,-5,-5,-4,-5,-5,-5,-4,-5,-5,-5,-5,-6,-5,-3,
-5,-3,-5,-5,-5,-4,-5,-5,-4,-3,-5,-5,-4,-5,-5,-4,-5,-3,-6,-5,-4,-4,-5,-5,-5,-5,-4
,-5,-4,-5,-5,-4,-4,-4,-3,-5,-5,-3,-4,-5,-4,-4,-5,-4,-4,-4,-5,-4,-5,-4,-5,-5,-4,-
5,-5,-4,-4,-5,-4,-5,-4,-5,-6,-4,-4,-4,-5,-4,-5,-4,-5,-5,-4,-3,-3,-3,-5,-4,-5,-3,
-4,-4,-5,-4,-4,-4,-4,-4,-3,-5,-4,-5,-4,-5,-5,-4,-4,-4,-4,-4,-4,-4,-5,-5,-4,-4,-4
,-5,-5,-5,-5,-5,-5,-4,-5,-4,-4,-4,-5,-3,-4,-4,-4,-5,-4,-4,-5,-4,-5,-3,-4,-4,-3,-
3,-4,-4,-4,-3,-5,-4,-4,-4,-6,-4,-4,-4,-5,-5,-4,-4,-4,-4,-5,-5,-4,-5,-4,-5,-5,-4,
-4,-4,-4,-4,-4,-5,-4,-5,-4,-3,-5,-4,-4,-3,-4,-4,-4,-3,-4,-5,-6,-5,-5,-4,-4,-5,-3
,-4,-3,-6,-6,-5,-4,-3,-5,-4,-5,-4,-4,-5,-4,-3,-5,-4,-5,-3,-5,-4,-4,-3,-4,-4,-4,-
4,-4,-5,-4,-5,-5,-5,-4,-5,-5,-3,-4,-3,-4,-4,-3,-4,-4,-5,-4,-3,-4,-4,-4,-3,-5,-4,
-3,-3,-5,-5,-5,-3,-4,-4,-3,-5,-4,-5,-3,-4,-6,-3,-4,-4,-4,-4,-4,-3,-4,-4,-3,-3,-4
,-4,-4,-5,-5,-4,-4,-3,-5,-5,-4,-4,-4,-4,-3,-4,-3,-4,-3,-6,-5,-3,-4,-3,-4,-4,-4,-
3,-4,-4,-4,-3,-4,-4,-5,-3,-5,-3,-3,-4,-4,-5,-4,-4,-4,-4,-4,-4,-4,-4,-3,-5,-6,-2,
-4,-4,-5,-5,-4,-4,-5,-5,-3,-3,-4,-4,-4,-4,-5,-4,-4,-3,-5,-5,-4,-4,-4,-3,-3,-5,-4
,-5,-4,-4,-4,-4,-4,-4,-4,-4,-3,-3,-4,-4,-3,-3,-5,-4,-4,-4,-4,-5,-4,-3,-4,-4,-4,-
3,-4,-3,-4,-3,-4,-4,-3,-4,-5,-2,-4,-3,-3,-4,-4,-3,-4,-5
