WFMPRE WFID:"REF4 DC   5V  20ns NORMAL",NR.PT:1024,PT.OFF:768,PT.FMT:Y,XUNIT:SEC
,XINCR:4.000E-10,YMULT:2.000E-1,YOFF:-5.950E+1,YUNIT:V,BN.FMT:RI,ENCDG:ASCII;CUR
VE -39,-39,-39,-39,-39,-40,-40,-41,-41,-41,-42,-42,-43,-43,-43,-43,-43,-42,-42,-
42,-42,-42,-43,-43,-43,-44,-44,-44,-44,-43,-42,-42,-41,-41,-41,-41,-41,-41,-41,-
41,-41,-41,-41,-41,-41,-42,-42,-42,-42,-42,-42,-42,-41,-41,-41,-41,-41,-41,-42,-
42,-43,-43,-42,-42,-41,-41,-41,-40,-40,-40,-41,-41,-42,-42,-42,-42,-42,-41,-41,-
40,-40,-40,-40,-40,-40,-40,-40,-41,-41,-41,-41,-41,-41,-42,-42,-43,-43,-43,-43,-
43,-42,-42,-41,-41,-41,-41,-41,-42,-42,-42,-42,-42,-42,-42,-42,-41,-41,-41,-41,-
41,-41,-41,-41,-41,-41,-41,-41,-41,-41,-41,-42,-42,-43,-43,-43,-42,-42,-41,-41,-
40,-40,-40,-40,-40,-40,-40,-40,-40,-41,-41,-42,-42,-42,-42,-42,-42,-42,-42,-42,-
42,-42,-42,-42,-42,-42,-41,-41,-41,-41,-41,-41,-41,-41,-41,-41,-42,-42,-42,-42,-
42,-42,-42,-42,-42,-42,-42,-42,-42,-42,-42,-41,-41,-41,-41,-41,-41,-41,-41,-41,-
41,-40,-40,-40,-40,-40,-40,-40,-41,-41,-41,-41,-41,-40,-40,-40,-40,-40,-40,-40,-
40,-41,-41,-40,-40,-40,-39,-39,-38,-38,-38,-39,-39,-40,-41,-41,-41,-41,-40,-40,-
39,-39,-39,-39,-39,-39,-39,-39,-39,-40,-40,-41,-41,-41,-41,-41,-40,-40,-40,-40,-
40,-40,-40,-40,-40,-40,-40,-40,-40,-40,-40,-41,-41,-41,-41,-41,-40,-40,-39,-39,-
39,-40,-40,-41,-41,-41,-40,-40,-40,-41,-43,-45,-49,-53,-57,-60,-63,-65,-67,-69,-
70,-70,-70,-70,-69,-67,-65,-63,-61,-59,-58,-57,-57,-57,-57,-57,-58,-58,-59,-59,-
59,-59,-59,-59,-59,-59,-58,-58,-57,-57,-57,-57,-57,-58,-59,-60,-61,-61,-62,-62,-
62,-62,-62,-62,-62,-61,-60,-60,-59,-59,-59,-58,-58,-58,-58,-58,-58,-58,-58,-58,-
58,-58,-58,-59,-59,-59,-60,-60,-60,-60,-60,-60,-60,-60,-60,-60,-61,-61,-61,-61,-
61,-60,-60,-59,-59,-59,-58,-58,-57,-56,-55,-53,-51,-49,-47,-45,-43,-41,-39,-38,-
37,-37,-37,-37,-37,-38,-38,-39,-40,-41,-42,-43,-43,-43,-43,-43,-42,-42,-41,-41,-
41,-42,-42,-43,-44,-45,-45,-45,-45,-45,-45,-44,-44,-43,-43,-43,-42,-42,-41,-41,-
41,-41,-41,-41,-41,-41,-42,-42,-42,-42,-42,-42,-42,-42,-42,-42,-42,-42,-43,-43,-
43,-43,-43,-43,-42,-41,-40,-40,-39,-39,-39,-40,-40,-41,-42,-42,-42,-42,-42,-42,-
42,-43,-43,-43,-43,-43,-42,-42,-41,-41,-41,-42,-42,-43,-43,-43,-43,-43,-42,-42,-
41,-41,-41,-41,-41,-41,-41,-41,-40,-40,-40,-40,-40,-40,-40,-40,-41,-41,-41,-41,-
41,-41,-41,-41,-41,-41,-42,-42,-43,-43,-43,-42,-42,-41,-41,-41,-41,-41,-41,-41,-
41,-41,-41,-41,-41,-41,-41,-41,-41,-41,-41,-41,-41,-42,-42,-42,-42,-42,-42,-42,-
42,-41,-41,-41,-41,-41,-41,-41,-41,-41,-41,-40,-40,-40,-40,-40,-40,-40,-41,-41,-
41,-41,-41,-41,-41,-41,-41,-41,-42,-42,-42,-42,-42,-41,-41,-41,-40,-40,-39,-39,-
39,-39,-39,-39,-39,-39,-39,-39,-39,-39,-39,-40,-40,-41,-42,-42,-42,-42,-41,-41,-
41,-40,-40,-39,-39,-39,-39,-39,-39,-40,-40,-41,-41,-41,-41,-41,-40,-40,-40,-40,-
40,-40,-40,-40,-40,-40,-40,-40,-40,-40,-40,-41,-41,-41,-41,-41,-41,-41,-40,-40,-
40,-40,-40,-40,-40,-40,-40,-40,-40,-40,-40,-41,-41,-41,-41,-41,-41,-41,-40,-40,-
40,-40,-40,-40,-40,-40,-40,-40,-41,-42,-43,-45,-47,-50,-54,-57,-60,-64,-67,-69,-
71,-71,-71,-70,-69,-67,-65,-63,-61,-60,-58,-57,-57,-57,-57,-57,-58,-58,-59,-59,-
59,-58,-58,-57,-57,-56,-56,-56,-56,-56,-56,-57,-57,-57,-58,-59,-59,-60,-61,-62,-
63,-63,-63,-63,-63,-62,-61,-61,-60,-59,-58,-58,-58,-58,-58,-58,-57,-57,-57,-57,-
57,-58,-58,-59,-59,-59,-60,-60,-60,-60,-60,-61,-61,-62,-62,-62,-62,-62,-61,-61,-
60,-59,-58,-58,-57,-56,-56,-56,-56,-55,-54,-53,-51,-50,-48,-46,-45,-43,-43,-42,-
41,-40,-40,-39,-39,-38,-38,-38,-38,-39,-40,-41,-41,-42,-42,-42,-42,-42,-42,-42,-
43,-43,-44,-45,-46,-46,-46,-46,-45,-45,-44,-43,-43,-42,-42,-41,-41,-41,-41,-41,-
41,-41,-41,-41,-41,-41,-42,-42,-42,-42,-42,-41,-41,-41,-41,-41,-42,-42,-43,-43,-
43,-43,-43,-42,-42,-41,-41,-41,-40,-40,-40,-40,-40,-40,-40,-40,-41,-41,-41,-41,-
41,-41,-41,-41,-41,-41,-42,-42,-42,-42,-42,-41,-41,-40,-40,-40,-40,-40,-41,-41,-
41,-41,-41,-41,-41,-41,-41,-41,-42,-42,-42,-42,-42,-41,-41,-41,-41,-41,-41,-41,-
41,-41,-41,-41,-41,-41,-41,-41,-41,-41,-41,-42,-42,-42,-42,-42,-41,-41,-40,-40,-
39,-39,-39,-39,-39,-39,-40,-40,-41,-41,-41,-42,-42,-42,-42,-42,-42,-42,-42,-42,-
42,-42,-42,-42,-42,-42,-42,-42,-41,-41,-40,-40,-40,-40,-40,-40,-40,-40,-40,-40,-
40,-41,-41,-42,-42,-42,-42,-42,-42,-42,-42,-41,-41,-41,-41,-41,-40,-40,-40,-40,-
40,-40,-40,-41,-41,-41,-41,-41,-41,-41,-41,-41,-41,-41,-41,-41,-40,-40,-40,-40,-
40,-40,-40,-41,-41
